"Unidade da Federação";"072 BCG";"099 Hepatite B  em crianças até 30 dias";"061 Rotavírus Humano";"053 Meningococo C";"073 Hepatite B";"080 Penta";"012 Pneumocócica";"074 Poliomielite";"006 Febre Amarela";"096 Hepatite A";"091 Pneumocócica(1º ref)";"092 Meningococo C (1º ref)";"093 Poliomielite(1º ref)";"021 Tríplice Viral  D1";"098 Tríplice Viral  D2";"097 Tetra Viral(SRC+VZ)";"075 DTP";"102 DTP REF (4 e 6 anos)";"095 Tríplice Bacteriana(DTP)(1º ref)";"094 Dupla adulto e tríplice acelular gestante";"003 dTpa gestante";"Total"
"11 Rondônia";104,90;99,55;104,70;105,46;119,63;103,31;104,22;105,44;114,05;84,04;100,89;109,15;73,56;109,79;94,32;94,97;103,52;2,55;76,61;67,24;59,53;89,75
"12 Acre";99,23;88,86;76,81;78,69;81,55;74,92;84,98;71,27;64,33;60,42;58,13;73,01;58,75;75,71;64,20;64,45;75,02;3,90;60,11;10,05;7,84;60,95
"13 Amazonas";95,87;85,80;75,15;82,77;106,98;82,35;88,36;76,24;75,83;68,07;79,58;88,89;68,19;83,56;75,60;75,80;82,42;2,54;46,95;36,65;42,85;69,49
"14 Roraima";107,95;79,97;86,72;97,78;92,39;91,68;100,64;88,45;87,95;72,93;86,85;114,81;87,45;90,77;83,50;83,64;91,68;2,95;86,44;55,85;50,22;80,02
"15 Pará";81,62;55,28;69,33;72,49;76,33;67,08;75,72;63,15;59,57;55,85;59,71;74,02;43,22;69,61;62,34;62,39;67,08;2,58;49,08;14,19;13,72;53,99
"16 Amapá";113,86;86,08;95,33;96,36;99,65;92,84;103,85;47,59;91,49;87,09;74,92;90,67;29,41;97,36;85,95;86,08;92,84;4,19;66,50;55,32;52,23;75,87
"17 Tocantins";99,23;77,44;91,00;92,43;106,61;88,14;97,31;84,77;77,26;75,63;84,19;109,59;89,23;91,89;88,28;88,32;88,14;2,28;69,89;11,52;19,23;74,87
"21 Maranhão";90,11;71,30;74,24;76,51;87,50;73,12;80,74;69,43;68,62;56,54;67,43;77,11;56,96;80,01;47,58;51,68;73,31;2,67;46,38;29,13;28,32;59,03
"22 Piauí";83,90;68,93;78,54;79,81;88,08;78,98;82,49;70,69;71,72;60,31;75,44;93,42;66,81;81,48;60,91;65,66;79,16;2,14;63,27;18,60;16,40;63,18
"23 Ceará";108,82;96,84;112,01;115,99;125,04;111,47;119,75;107,89;0,44;94,11;112,13;117,20;88,34;119,76;88,70;91,06;111,66;2,10;80,56;70,28;59,12;88,84
"24 Rio Grande do Norte";89,26;72,08;76,75;79,53;83,49;76,32;84,42;70,25;0,41;63,17;73,17;88,25;61,27;96,05;50,44;54,28;76,37;3,93;62,53;34,49;30,41;61,47
"25 Paraíba";97,27;75,29;88,90;89,19;97,01;87,54;93,52;85,46;0,78;74,95;77,02;90,47;67,91;96,59;56,66;61,22;87,67;1,83;65,37;31,06;28,28;68,17
"26 Pernambuco";98,90;84,72;93,79;96,15;103,40;94,29;100,13;90,38;0,51;76,36;90,72;103,12;71,55;112,65;68,22;70,12;94,43;3,24;78,67;53,31;49,22;74,84
"27 Alagoas";104,97;81,44;83,30;89,65;98,57;84,74;94,37;80,07;0,50;72,88;80,95;90,23;75,56;102,24;60,50;63,96;84,81;3,90;67,08;44,78;41,31;68,67
"28 Sergipe";97,11;94,63;84,28;84,90;82,14;81,78;87,71;78,29;0,40;68,47;80,04;90,83;63,74;92,09;70,86;75,19;81,91;2,01;76,89;23,74;21,14;66,29
"29 Bahia";84,07;71,59;74,05;77,67;83,73;76,86;79,58;70,72;69,45;60,53;67,93;82,72;63,64;85,70;56,24;59,46;77,82;2,58;62,10;25,16;26,96;61,51
"31 Minas Gerais";89,41;76,13;92,20;94,75;105,35;93,25;95,71;88,29;86,03;79,07;85,85;106,79;90,57;98,93;88,38;91,82;93,28;2,18;76,59;17,32;25,14;76,74
"32 Espírito Santo";90,61;79,85;91,78;94,01;117,67;92,14;95,64;89,28;0,42;78,10;92,44;107,60;78,53;104,31;78,35;81,52;92,27;2,82;61,56;48,69;49,87;75,31
"33 Rio de Janeiro";106,29;85,83;93,67;98,30;120,07;96,70;107,63;89,93;0,22;77,94;87,37;98,73;64,52;109,26;72,17;73,79;97,11;3,51;55,69;42,45;52,38;75,25
"35 São Paulo";94,33;89,81;90,32;90,42;110,04;88,48;93,58;83,84;18,63;63,43;86,84;80,76;77,72;92,96;77,73;80,97;88,94;2,38;59,59;24,23;26,42;70,24
"41 Paraná";94,11;75,64;90,74;93,55;104,69;91,58;95,22;87,54;67,58;75,43;84,05;102,10;75,00;91,87;91,29;92,63;91,70;2,77;65,13;18,48;30,94;74,70
"42 Santa Catarina";102,01;87,12;98,79;101,36;121,84;97,64;103,02;92,12;30,75;84,03;93,69;97,05;87,25;98,97;98,38;99,59;97,96;1,86;66,22;27,48;34,36;79,70
"43 Rio Grande do Sul";94,42;72,63;88,29;91,16;110,43;88,27;94,30;84,46;61,16;72,74;84,95;98,55;89,85;90,45;86,47;87,12;88,43;3,25;60,86;24,76;26,13;73,55
"50 Mato Grosso do Sul";106,14;98,35;97,89;101,41;102,64;98,98;103,30;93,78;93,76;83,15;93,96;113,21;87,46;100,98;94,30;94,94;99,06;2,49;89,37;46,68;40,61;84,88
"51 Mato Grosso";96,55;89,84;90,78;95,67;105,80;95,42;99,64;90,64;89,14;78,33;85,86;98,15;77,84;96,68;85,08;85,98;95,48;3,05;73,95;37,37;33,66;78,70
"52 Goiás";92,31;68,60;87,81;87,68;105,04;84,89;91,78;82,10;79,54;72,30;79,68;94,40;75,35;85,93;84,19;85,20;84,94;4,48;57,54;28,70;41,76;72,33
"53 Distrito Federal";138,11;134,78;129,62;148,87;159,70;140,25;140,73;136,83;132,73;107,07;123,76;153,72;101,15;131,75;128,41;129,99;140,41;3,38;103,62;85,71;74,74;116,94
"Total";95,55;81,75;88,98;91,68;105,19;89,27;95,00;84,43;44,59;71,58;84,10;93,86;74,36;95,41;76,71;79,04;89,53;2,73;64,28;31,53;33,81;72,16